1.540126 0.319178 0.378178 0.212381 0.151086 0.515703 -0.071811 0.362605 -0.031080 -0.081487 0.778020 0.039498 -0.020411 0.190135 0.018124 0.011591 0.045364 0.048352 13.461030 22.043972 20.681569 -14.294989 -9.499520 4.681720
1.396741 0.000761 0.308103 0.110589 0.195472 0.445622 0.177148 -0.095308 0.098009 0.113310 -0.054600 -0.028281 0.038737 -0.003967 0.038845 0.014571 0.037352 0.047113 8.628944 26.772194 21.225697 261.965953 -25.020021 2.960714
0.966122 0.211714 0.860408 0.280772 0.179113 0.310624 0.427639 -0.005896 0.156352 0.304345 -0.097275 0.060060 0.240713 0.055311 0.251088 0.016955 0.018077 0.025757 15.029521 55.319561 38.824748 -32.967247 -27.469483 15.532200
1.001142 0.263837 0.677884 0.247099 0.073887 0.139854 0.076706 -0.015119 -0.125680 -0.063434 -0.169927 -0.130997 -0.000178 -0.030433 -0.058840 0.018626 0.037372 0.049213 3.445773 26.758188 20.319983 -5.229067 -4.878525 6.611917
1.010534 0.053154 0.429114 0.165169 0.063335 0.506497 0.382937 0.224816 0.152355 0.219410 -0.494805 8.664596 0.057170 -0.000857 0.051908 0.017989 0.031964 0.032489 13.830217 31.285190 30.779941 -26.055050 -2.903202 5.167354
1.089395 0.616475 0.493604 0.075354 0.015637 0.203125 -0.509899 -1.774101 -1.362901 0.176729 3.736527 0.328194 -0.212370 0.066073 -0.261709 0.024030 0.087302 0.573673 3.561302 11.454475 1.743154 -3.738368 -0.663189 0.863138
0.559783 0.377409 0.893704 0.019451 0.014871 -0.235927 -1.137316 -2.661157 -2.020305 -115.281250 -0.009685 7.776824 0.307850 0.083345 0.302599 0.016955 0.001570 0.020143 -186.881112 637.035088 49.645885 -10.224131 -9.517581 12.390718
3.191853 0.170485 0.651412 0.127818 0.075058 0.103887 0.781643 0.139499 0.994452 0.256872 -0.569950 -0.351274 0.070323 -0.009609 0.056502 0.016955 0.024000 0.050580 4.464461 41.666439 19.770694 -180.677148 -38.180737 5.325734
2.040560 0.244032 0.443895 0.220997 0.188453 0.495030 0.099338 -0.136187 -0.410097 -0.226619 -0.027104 0.391837 -0.043072 -0.057021 -0.225093 0.014062 0.063251 0.050713 6.720358 15.810000 19.718662 -107.643867 -16.141063 3.493956
2.084467 0.221862 0.388689 0.044590 0.072283 0.380420 0.380711 -0.578947 -0.802469 -2.875862 -10.482759 1.083333 0.018024 -0.103594 -0.227687 0.016955 0.006386 -0.006386 23.821409 156.590735 -156.590735 79.761573 -78.765936 6.982407
3.169665 0.256345 0.645253 0.119517 0.104868 0.167059 -0.232889 -2.074243 -2.512090 2.266570 -0.345424 0.665891 0.396579 0.100227 0.282900 0.016955 0.015008 0.046108 8.786929 66.629986 21.688276 10.019272 14.168652 7.963436
2.111223 0.000011 0.885787 0.317288 0.142380 0.175015 0.503524 -0.437005 0.023137 0.145424 0.164420 0.117308 0.180645 -0.236626 0.121104 0.016955 0.019943 0.022714 7.870214 50.143366 44.026245 56.348412 174.397942 15.909907
1.993875 0.369641 0.319589 0.141485 0.120522 0.289690 0.537716 -0.028086 -0.114656 0.281264 0.372683 0.274121 0.047707 0.042326 -0.013340 0.008758 0.037420 0.036308 7.451444 26.723534 27.542152 -14.006505 -8.759577 3.780985
1.315866 0.538435 0.550909 0.134381 0.115366 0.242152 0.225426 0.034732 -0.402174 0.040286 -0.060189 0.123178 0.038737 -0.000363 0.089275 0.029697 0.022760 0.072220 6.113531 43.936915 13.846561 -3.518152 -3.319489 5.904300
1.052267 0.418985 0.280682 0.106339 0.136407 0.373825 0.014515 -0.695035 -0.271186 -0.042653 -1.265172 -0.036433 -0.009114 -0.216810 -0.024877 0.015630 0.032174 0.039763 12.537166 31.080647 25.149101 -7.236046 -6.322277 3.305095
1.453738 0.255084 0.878895 0.179047 0.158222 0.344435 0.884984 0.224841 0.654044 0.185707 0.517175 0.177278 0.107902 0.012094 0.114880 0.016955 0.020849 0.030145 13.816626 47.963916 33.173353 -71.883116 -44.480331 8.587795
1.285381 0.427554 0.167255 0.040315 0.095178 0.670980 0.130281 -0.040176 0.203937 0.531849 -0.139904 0.129423 0.067566 -0.028689 0.097466 0.007201 0.031942 0.040423 22.582981 31.306919 24.738568 -7.993739 -5.072934 1.262126
0.949431 0.104889 0.740175 0.083572 0.050491 0.106978 7.707385 2.447619 4.358597 0.271814 165.285714 0.274135 0.267365 0.062205 0.263766 0.016955 0.008793 0.022205 8.089202 113.722523 45.034606 -28.373118 -17.786670 9.503990
1.694945 0.243589 0.623811 0.257560 0.115939 0.283277 -11.416076 0.078668 0.131178 0.179772 0.158578 0.885216 0.055554 0.041138 0.039718 0.029371 0.064447 0.073594 5.572714 15.516580 13.588059 -15.570768 -9.223180 3.996457
3.124595 0.046817 0.389891 0.130295 0.138033 0.196926 0.396941 0.358491 -37.000000 0.043335 -0.210938 -0.198413 0.088791 0.012506 0.078631 0.012640 0.056745 0.059823 3.241036 17.622846 16.715847 8.840879 15.022051 2.296161
1.188647 0.257605 0.854130 0.193573 0.098909 0.580040 -28.784497 0.043190 -1.583742 0.174129 -0.317072 -0.183419 0.052826 0.094739 0.030871 0.016955 0.034835 0.058260 29.963730 28.706815 17.164408 -6.616502 -5.788530 5.556861
0.877061 0.288670 0.277982 0.057021 0.039861 0.098273 -0.372771 -0.405109 -0.370656 -0.739364 -1.503534 -2.047794 -0.172384 -0.073864 -0.074214 0.021340 0.117979 0.064121 0.877305 8.476085 15.595459 -0.747208 -0.632174 0.483313
1.194560 0.377997 0.338834 0.100439 0.034494 0.078189 -0.358605 0.935065 -0.698381 0.169173 0.600462 0.126829 -0.076729 0.039827 -0.069558 0.009292 0.018672 0.041185 4.432405 53.555603 24.280836 -4.616204 -3.858959 5.379086
1.106468 0.529124 0.472952 0.203847 0.115366 0.434639 -0.047352 0.259912 -0.476190 -0.003344 0.729927 0.218509 0.022296 0.098442 0.023087 0.016955 0.025151 0.025257 20.582161 39.759811 39.593034 -6.997019 -6.076140 8.104911
2.452847 0.208758 0.514410 0.171259 0.112788 0.170740 1.936801 -0.373219 0.575405 0.471799 -0.459084 0.367741 -0.028602 -0.008311 0.011642 0.011944 0.040964 0.048310 3.912896 24.411751 20.699776 -42.261064 -13.316765 4.180722
0.914504 0.317002 0.797425 0.327414 0.069160 0.207984 0.021744 -0.430109 -0.016177 -0.033251 -0.328875 0.525640 0.109603 -0.033564 0.062041 0.016955 0.030046 0.037833 7.622193 33.282153 26.431860 -7.060466 -4.734255 10.897047
1.844296 0.256345 0.751333 0.186367 0.145541 0.503821 4.609968 -0.677985 0.413462 0.377795 0.133452 0.491803 0.206937 -0.067850 0.184461 0.016955 0.019386 0.036003 17.033692 51.583712 27.775233 108.770966 -1137.119811 9.613478
1.710000 0.238940 0.373944 0.104087 0.046226 0.087280 -2.912226 2.663043 -0.460800 -1.235008 -2.040767 0.014019 0.076111 -0.002041 -0.024601 0.027813 0.046997 -0.005586 1.976480 21.277941 -179.028190 -3.229144 -2.463496 2.214750
1.032915 0.387751 0.674719 0.134285 0.034778 0.114004 -0.034951 -0.573539 -0.634316 0.885018 -0.846213 -1.957387 -0.153150 0.026683 -0.148831 0.000223 0.015910 -0.012913 6.786915 62.851820 -77.438958 -5.012568 -3.753771 8.440067
0.881047 0.249409 0.319996 -0.006295 -0.003269 -0.008013 -1.058953 -1.064439 -1.059867 -1893.000000 0.611940 -0.137150 -0.022901 0.009371 -0.070453 0.026100 -0.007851 0.079011 1.362125 -127.373191 12.656533 -1.325702 -0.915539 0.801787
0.800806 0.156087 0.186375 0.071787 0.123051 -2.385399 -0.070767 0.507673 0.339773 0.158913 1.906292 0.554044 0.029492 0.040396 0.001166 0.031219 0.138078 0.145252 -26.990517 7.242295 6.884591 -2.203586 -1.401075 0.519906
2.255584 0.472277 0.469348 0.112190 0.071820 0.468415 0.518338 0.569095 0.039534 0.052527 -0.381539 0.844660 -0.036041 0.053844 -0.042094 0.047087 0.072412 0.114284 6.786050 13.809826 8.750097 -2.047506 -1.433140 1.549324
1.195220 0.216098 0.589224 0.274637 0.150793 0.270526 0.274669 0.433357 -0.063770 0.021300 0.497396 0.211677 0.016882 0.162678 0.001409 0.021143 0.073246 0.055755 3.556116 13.652557 17.935676 -8.928714 -5.964646 3.749494
1.828077 0.069394 0.830926 0.229511 0.300695 0.661427 0.285714 -1.031930 -1.897959 0.083896 -1.031378 -4.136364 0.137492 -0.696210 0.006073 0.006999 0.021751 0.031404 19.094052 45.975337 31.843238 67.531698 263.902673 10.551828
8.383651 0.015910 0.506206 0.222315 0.119941 0.139726 -0.234542 0.310249 -0.405741 -0.547739 -0.564251 -0.908967 -0.106037 0.154650 -0.120509 0.016955 0.040488 0.018260 3.166511 24.698850 54.764097 5.020856 6.870730 5.490919
1.174364 0.029639 0.417238 0.187877 0.155441 0.242152 -0.168222 -0.129786 -0.181546 -0.064174 1.573678 -0.450592 0.048743 -0.015303 -0.011230 0.010110 0.025688 0.031947 8.085372 38.929288 31.301539 -61.224327 -28.940028 7.313934
2.894097 0.195844 0.592366 0.123418 0.062081 0.130321 1.431406 -0.838189 -0.095930 -0.252607 -0.252416 -0.425513 -0.065906 -0.151820 -0.074728 0.028397 0.063160 0.069066 1.839421 15.832862 14.478989 389.668166 -21.263913 1.954058
2.049581 0.282294 0.580615 0.073759 0.053370 0.119403 0.294606 0.039216 0.314050 2.291045 0.307292 -126.500000 0.140469 -0.002752 0.082669 0.016955 0.015407 0.043553 6.892827 64.907452 22.960459 -42.633947 -16.812889 4.787500
1.655161 0.371002 0.572058 0.230202 0.199371 0.718063 0.226973 0.593886 -0.125139 -0.174646 0.719782 0.029682 0.175147 0.123152 0.292843 0.018458 0.044093 0.040568 9.525577 22.679361 24.649848 -11.633800 -7.570797 5.220825
1.231697 0.323932 0.145527 0.064679 0.074947 0.194525 0.686869 0.005319 0.852941 0.936803 3.214286 49.571429 0.029403 -0.026445 0.054851 0.014684 0.049045 0.076505 4.131047 20.389315 13.071077 -4.252283 -3.316708 1.318751
3.365464 0.369564 0.456596 0.256351 0.195466 0.392581 0.416124 -0.037734 -0.297137 0.105504 0.597960 -0.143833 0.011885 -0.033149 -0.156656 0.013202 0.059211 0.059786 8.524687 16.888803 16.726377 24.538354 92.111702 4.329460
1.385757 0.297718 1.000000 0.424982 0.296358 1.178967 0.333526 0.029297 0.110058 -0.005013 0.538408 -0.024144 0.125977 0.086069 0.145972 0.004343 0.023636 0.021025 57.961678 42.308589 47.561923 -48.093429 -22.161947 17.980371
0.932744 0.561689 0.547958 0.066530 0.043102 0.108513 0.393500 2.550813 0.190622 0.173931 -0.206085 0.193955 0.343825 -0.032662 0.326674 0.015145 0.015650 0.062772 4.300879 63.896881 15.930578 -2.096380 -1.957840 4.251033
2.854468 0.249126 0.665591 0.316561 0.159515 0.478021 1.183644 -0.190263 0.210109 0.207475 -0.134694 0.037593 0.129741 -0.019634 0.136536 0.012189 0.035523 0.033400 10.907173 28.150721 29.940104 -165.308048 -56.070170 8.911410
1.379845 0.565416 0.473921 0.131554 0.117690 -0.559351 -7.232258 0.708502 -1.733913 -0.215371 1.544521 0.004054 0.150940 0.209989 0.151252 0.011870 0.034026 0.030926 -22.249467 29.389565 32.335216 -4.426995 -3.424130 3.866311
2.582629 0.119684 0.457233 0.269717 0.145541 0.189802 -0.553378 -0.332143 -0.870289 -0.599930 -0.334416 -0.929408 -0.229838 0.017126 -0.422986 0.016955 0.121255 0.065478 1.412164 8.247054 15.272411 11.610983 58.416438 2.224372
3.669325 0.260847 0.639961 0.348693 0.169333 0.402766 0.509618 -0.618683 -0.290073 -0.022048 -0.417333 -0.361031 -0.131351 -0.042234 -0.165162 0.033410 0.050662 0.047699 8.534909 19.738689 20.964925 28.951528 52.500111 6.882744
1.131871 0.227453 0.763065 -0.013840 -0.010493 -0.044929 -0.602733 -1.220242 -1.145453 0.243060 0.645127 0.516608 0.333919 0.102713 0.338928 0.016955 -0.000792 0.013636 41.063616 -1262.355195 73.336714 -59.157919 -40.059220 17.471483
1.422362 0.201639 0.642857 0.167400 0.111061 0.514568 3.434978 -0.739899 -0.636042 -0.255814 -0.236264 0.061069 -0.025083 -0.223618 -0.161465 0.026946 0.064528 0.077251 17.759849 15.497219 12.944890 -6.302118 -5.192868 2.594237
8.649203 0.149564 0.585665 0.269219 0.212855 0.311768 -0.362622 0.401015 -0.498638 -0.409080 0.390203 0.049745 -0.142460 0.161712 -0.174191 0.002948 0.021050 0.018786 12.602463 47.505126 53.232143 18.736918 22.424628 12.789303
2.245510 0.512478 0.876498 0.304517 0.085347 0.284073 1.823454 -0.428610 -0.056512 -0.124496 0.400349 -0.114371 -0.096945 -0.052204 -0.073752 0.014809 0.054348 0.060356 10.598375 18.399862 16.568346 -4.496732 -4.162010 5.603071
1.151840 0.098747 0.682779 0.270395 0.149645 0.441977 0.111111 0.146701 0.084565 0.153793 0.263382 0.073239 0.138551 0.011832 0.149745 0.027568 0.034322 0.037757 12.201218 29.136045 26.485032 -54.597741 -5.942367 7.878240
1.218474 0.256345 1.000000 0.139235 0.052290 0.151151 0.151405 -0.005896 -0.114656 7.173025 0.013431 0.039498 0.151405 0.009944 0.011642 0.016955 0.018047 0.048922 8.090266 55.410828 20.440767 32.543568 -20.735432 7.715123
1.658806 0.481235 0.630606 0.134070 0.054550 0.146827 -1.806045 2.241327 0.762920 -0.131262 6.469551 1.534530 0.106425 0.933962 0.720843 0.028978 0.031428 0.047471 19.727354 31.818877 21.065390 -11.385013 -9.264607 4.265944
3.451321 0.174452 0.395026 0.081929 0.042645 0.054751 -6.831256 1.100048 1.588144 0.203890 -0.345484 -0.062769 0.002355 0.040098 -0.087903 0.016955 0.020302 0.060477 2.928647 49.256648 16.535153 -399.581816 -27.772007 4.035566
0.992146 0.023067 0.769787 0.189422 0.108017 0.197845 9.772716 -0.154649 0.258409 -2.681834 0.013431 0.200107 0.093321 0.020004 0.093952 0.016955 0.029126 0.025749 5.455414 34.334148 38.836951 -36.055595 -19.426295 6.503633
1.624884 0.526059 0.295928 0.137277 0.165335 1.092375 0.784431 -0.492188 -0.488189 -0.176121 0.730994 -0.394683 0.009205 -0.148066 -0.174813 0.041849 0.086605 0.072597 10.186258 11.546705 13.774692 -5.030582 -3.958946 1.585092
6.385161 0.015133 0.499444 0.290603 0.225685 0.263107 0.225426 -0.248859 -0.224638 -0.452170 -0.776400 -0.734878 -0.043005 -0.166255 -0.112765 0.015011 0.062115 0.038433 4.224685 16.099093 26.019496 11.684526 17.993548 4.678440
1.408327 0.206728 0.337006 0.209289 0.147036 0.298523 1.145565 0.590580 -0.104082 0.340359 3.344828 1.123596 -0.037443 0.019420 -0.088919 0.019195 0.089641 0.054386 3.158933 11.155610 18.386939 -8.260171 -5.377571 2.334742
3.006803 0.334043 0.645144 0.349803 0.287742 0.501317 0.211591 0.072309 -0.071174 0.040286 0.794872 -0.023462 -0.027565 0.020590 -0.086881 0.024804 0.047497 0.053145 13.226452 21.054150 18.816375 -119.150398 -43.567074 7.364808
1.690368 0.240130 1.000000 0.534255 0.174551 0.357111 0.240100 0.041653 0.331473 0.021250 0.671908 -0.083860 0.112032 0.062978 0.114504 0.004447 0.024176 0.023432 13.997953 41.363362 42.675916 -29.333970 -21.626952 22.098591
1.389877 0.932381 0.841861 0.479427 0.198045 -0.462193 0.273902 0.323322 0.771687 0.008291 0.359131 0.167170 0.042807 0.005478 0.040443 0.016955 0.025106 0.028390 -16.746130 39.831358 35.224082 -11.700445 -11.490243 19.096231
2.220854 0.399014 0.226447 -0.045507 -0.025791 -0.065389 -2.117037 -0.660929 -1.260582 -0.767373 -8.277778 -0.805349 -0.197511 -0.010887 -0.289818 0.041806 -0.053976 0.056553 1.401553 -18.526897 17.682633 -1.762463 -1.342748 0.843097
0.170419 0.256345 0.409506 0.152400 0.092283 -1.733618 -2.529169 0.016779 -1.189223 -0.136746 2.406752 -0.179000 0.011875 0.009944 -0.025516 0.027820 0.069359 0.039267 -39.646327 14.417692 25.466374 -1.473915 -1.473915 2.197254
6.440925 0.321450 0.668651 0.287627 0.185031 0.389569 0.622200 -0.059911 0.052297 0.194007 -0.293523 -0.364263 0.208812 -0.019145 0.116735 0.015921 0.040990 0.043573 8.619135 24.396368 22.949954 24.878154 38.023640 7.017049
1.444171 0.351620 0.412920 0.036724 0.022639 0.065553 0.851282 0.539326 -1.825301 -35.656250 0.657371 -10.904762 -0.042377 0.076956 -0.077903 0.029315 0.019644 -0.003224 1.802559 50.906119 -310.209166 -1.905681 -1.294097 0.967043
1.448955 0.256345 0.561484 0.166285 0.115366 0.242152 0.225426 -0.005896 -0.114656 0.040286 0.013431 0.039498 0.038737 0.009944 0.011642 0.016955 0.033100 0.043563 7.536818 28.428768 21.015158 -5.129824 -5.285220 5.194090
1.448955 0.256345 0.561484 0.166285 0.115366 0.242152 0.225426 -0.005896 -0.114656 0.040286 0.013431 0.039498 0.038737 0.009944 0.011642 0.016955 0.033100 0.043563 7.536818 28.428768 21.015158 -5.129824 -5.285220 5.194090
1.448955 0.256345 0.561484 0.166285 0.115366 0.242152 0.225426 -0.005896 -0.114656 0.040286 0.013431 0.039498 0.038737 0.009944 0.011642 0.016955 0.033100 0.043563 7.536818 28.428768 21.015158 -5.129824 -5.285220 5.194090
